$ANSIBLE_VAULT;1.1;AES256
36363638343131336166646536353666623939366232346262363338386437326138386561393935
3766623337646465663861333432363832663663343762380a373436356635616664306234643965
38636638623535653062653666646664363033613037333532363037623561333365356338353435
3939646134373166380a336562396466656261653833363232383630326337383136636336626438
35326262323261363731373966336236616233636537633036303665343661386665386266613131
37373366313230333536363161623730356536343136353762333630643932663662653630303733
34323638643431646139623935373138656333316432396233396430663964366464646262623164
37326531636534323961396264616530316336363137313366653562313336373563383938666632
32383834346263613037336363633262663136396162613062373862666331366334306337656666
38376661333037616431633832363736643837653862393565336163383635343263383238636461
66346662613236303237613762663133393933306139303965356536393031666236623764643630
63646330663238666130366436613537373564336465323962373265323361313730613437363032
37366635343637363061376331616364633463336330356633323739656561626332616137646338
64666263623339393434643238353866353130336331666365353139393139643535343436623934
31373965663136623332323232393832663533646264316561303237653236316562653631336539
63363731653666303363386436366132373865393465663062633438373439393264353630623736
62393839653762366163636665643434663361386232643838643536366135373563343735313230
31363361633666343861383535343433396361363831323732383132396166383030353065363330
61643363336463616134313066333966386636363530643066643836373437383238386532366235
31313066343833613862303165376133366161393137376239346461663938636134313837626430
37626137393164326565373631363134323163366636616636323332353364303864626433373261
36636334326633623362383864336336346139626365623139336138376661626631383537353263
63613538383533333830666237303134633466346433353861376562613332646538333938643963
31623661623066623462663930396465643837356364366234666163623135316430626232646265
33643131366134643964643665636330356161333961633035353532643437623835613763343961
31303232386635666232306364646363383063623530636431353536343431623633353865323439
35626163623434313161363363336337663431396331656265393037376565333836616533333862
35636137636463616432303033336162383530353561623236386361666236656330386135663339
62336530373164316430663936313766313132616135393165303063343961353062633131633665
62613464623764396464663166336235613664323237373038336236363733353436656430376262
61313166306163323166326564326334623766376230616233313539633733623434386338623361
64326431303365373738303631653934366639616436663432623837323434343762373965313861
31623161306564613764356130393430383033383430646665313132623839346539
